0 0.18046875 0.4990234375 0.0484375 0.126953125
0 0.2328125 0.4892578125 0.043750000000000004 0.134765625
0 0.7898437500000001 0.4853515625 0.0328125 0.111328125
0 0.565625 0.5732421875 0.084375 0.232421875
0 0.3375 0.5166015625 0.05 0.169921875
0 0.42812500000000003 0.49609375 0.046875 0.1328125
0 0.6648437500000001 0.5791015625 0.08281250000000001 0.251953125
0 0.29921875000000003 0.595703125 0.1296875 0.26171875
0 0.37265625 0.5263671875 0.060937500000000006 0.181640625
0 0.25703125 0.4892578125 0.0421875 0.130859375
0 0.1390625 0.47265625 0.034375 0.09375
0 0.09453125000000001 0.4833984375 0.0421875 0.111328125
0 0.753125 0.47265625 0.034375 0.08203125
0 0.8148437500000001 0.4755859375 0.029687500000000002 0.091796875
0 0.8421875000000001 0.4873046875 0.034375 0.107421875
0 0.8734375000000001 0.5166015625 0.043750000000000004 0.158203125
0 0.90234375 0.5146484375 0.0421875 0.169921875
0 0.9398437500000001 0.5224609375 0.0484375 0.158203125
0 0.9789062500000001 0.4736328125 0.0390625 0.087890625
