0 0.8609375 0.701171875 0.12187500000000001 0.48046875
0 0.6953125 0.5478515625 0.06875 0.208984375
0 0.60078125 0.513671875 0.045312500000000006 0.15234375
0 0.9476562500000001 0.724609375 0.0921875 0.48046875
0 0.63046875 0.513671875 0.0390625 0.15234375
0 0.6531250000000001 0.513671875 0.034375 0.1484375
0 0.421875 0.48828125 0.040625 0.1015625
0 0.46718750000000003 0.4970703125 0.043750000000000004 0.123046875
0 0.50625 0.4990234375 0.03125 0.111328125
0 0.5296875 0.498046875 0.03125 0.08984375
